1237648720699000093
1237648721227351177
1237649929174647578
1237650279739950008
1237650369409254261
1237650369948680790
1237650371027141526
1237650371559162494
1237651273494365184
1237651311072052066
1237651311075394467
1237651737373246374
1237651737376064523
1237651753491104785
1237651753996714698
1237651823793538084
1237652600641552401
1237652942090929350
1237653000614314775
1237653502044275680
1237653588490060591
1237653665258471447
1237654604773458953
1237654604782306476
1237654653108290410
1237654870535045751
1237655123929006826
1237655129307612632
1237655497596011483
1237655691940856934
1237655748321346775
1237656531070682149
1237657066325738493
1237657628438496351
1237658423554016047
1237658425153422249
1237658493908026241
1237659330318304099
1237660668735062824
1237660765374579798
1237660957030024679
1237661039172780508
1237661070866252784
1237661360762389090
1237661386543006896
1237661465447891778
1237661949206332058
1237661971181405203
1237662197753185883
1237662239102141716
1237662307265676619
1237662307802546918
1237662335179293333
1237662475299914577
1237662475303847206
1237662504836465355
1237662526839784246
1237662640119284523
1237662666963812700
1237663787951785139
1237664670046618582
1237664673258668424
1237664819820364879
1237665024368968743
1237665128518059300
1237665128533918358
1237665227843699353
1237665330928484813
1237665442597831447
1237665531725088448
1237665565531440152
1237665566068048811
1237667228226618264
1237667322186433530
1237668310559622871
1237668331494376140
1237668352962986479
1237668736827655795
1237669698364770160
1237669702655803974
1237671141481055623
1237671691764958409
1237671937113982000
1237678597013373726
1237678600226407725
1237678660356604693
1237678660357259888
1237678662510117689
1237678791352910423
1237678857943450518
1237678860619809725
1237679078058426993
1237679169842512758
1237679253058618182
1237679253595882385
1237679323401094044
1237679438275740687
1237679541361902237
1237680116880769790
1237680265071165887
1237680271500444811
1237680303175303596
1237680309622277247
1237680326797427399
1237680331643028074
1237680473908053249
1237646795993055597
1237648673973797794
1237648675581001762
1237650369406501000
1237650370483716971
1237650371550380904
1237651190280422441
1237651252057146875
1237651753455911924
1237651754006938452
1237651821643301004
1237651836669067836
1237652599560536655
1237652628559037162
1237652899690119952
1237652900212245358
1237653012437205251
1237653587943884082
1237654600486945776
1237654602104636498
1237654602643342078
1237654604781847423
1237654605328745032
1237654606402880346
1237654639684355444
1237654668676694628
1237654871067722516
1237654880210059638
1237654897374987328
1237655374647591866
1237655469138642401
1237655500290130705
1237655550745184244
1237655693014992048
1237656538045219843
1237656567044638112
1237657401876415606
1237657594074236256
1237657595144570187
1237657874331403136
1237657874874303067
1237658190538343332
1237658191608022002
1237658423548706963
1237659162818184904
1237659348032094488
1237660342854288350
1237660344462017580
1237660563502990719
1237661069236437964
1237661126152356890
1237661382239715613
1237661386008495679
1237661945946899098
1237661970648728534
1237662193453630052
1237662194005902468
1237662225675125674
1237662300834497684
1237662472622375145
1237662473693234369
1237662474763240466
1237663789575635791
1237664292074946710
1237664879415918770
1237665026517959559
1237665227845403583
1237665367972905787
1237665536001770476
1237665550506918451
1237665582189577762
1237666090593616436
1237666210347811089
1237667322725270598
1237667431719765043
1237667781779588259
1237668332571002136
1237668350286954539
1237668366390330948
1237668494701560775
1237668496845111956
1237669703193395965
1237670014581408764
1237670965389100057
1237671123761431731
1237671140947263600
1237671142014780807
1237671767470900371
1237671936044107011
1237672841744810740
1237673708795462578
1237674284312626191
1237674459877672122
1237678597549589457
1237678600234271776
1237678661439390116
1237678723164931186
1237678802084692669
1237678825178072105
1237678834830148309
1237678858472718977
1237678860082480175
1237678881011860622
1237678890668982519
1237678905180619520
1237678905720111805
1237678906242958309
1237678906774717420
1237679077507859216
1237679998774739825
1237680070706922405
1237680190976622732
1237680262386877113
1237680301030310870
1237680315527791725
1237680328413414713
